reconstrut 所花的時間
  657.6867   11.7611
  177.9255   10.9704
   94.4585   10.5733
   64.3210   10.9322
   50.7059   10.4030
   41.4319   11.1724
   36.8448   10.9022
   34.1565   10.7986
   32.7677   11.1357
   29.9539   10.5266
   30.6841   10.6976
   28.6257   10.6785
   29.2655   11.2557
   27.4206   11.0447
   28.3629   10.7256
   26.8707   10.6483
   26.7480   11.0180
   27.2216   11.2277
   28.9852   10.7690
   26.9400   10.3612
   28.2380   10.9243
   27.8599   11.4592
   28.8465   11.4774
   28.2513   10.8861
   29.5970   10.7348
   29.4692   10.3767
         0         0
         0         0
         0         0
         0         0
         0         0
         0         0