  4  657.6867   11.7611
  8  177.9255   10.9704
 12   94.4585   10.5733
 16   64.3210   10.9322
 20   50.7059   10.4030
 24   41.4319   11.1724
 28   36.8448   10.9022
 32   34.1565   10.7986
 36   32.7677   11.1357
 40   29.9539   10.5266
 44   30.6841   10.6976
 48   28.6257   10.6785
 52   29.2655   11.2557
 56   27.4206   11.0447
 60   28.3629   10.7256
 64   26.8707   10.6483
 68   26.7480   11.0180
 72   27.2216   11.2277
 76   28.9852   10.7690
 80   26.9400   10.3612
 84   28.2380   10.9243
 88   27.8599   11.4592
 92   28.8465   11.4774
 96   28.2513   10.8861
100   29.5970   10.7348
104   29.4692   10.3767
108         0         0
112   29.7510   11.1937
116   28.8936   12.9826
120   29.2159   11.2710
124   29.5616   11.9305
128   31.1521   11.1032
132   30.2804   11.1914
136   31.8775   11.8065
140   33.2321   11.3778
144   32.0512   10.9257
148   32.6696   11.6703
152   32.2373   11.5560
156   34.0892   11.5960
160   34.9056   11.2342
164   34.2017   10.9848
168   35.4006   11.3443
172   35.1596   11.0354
176   35.7658   11.8155
180   37.4795   11.2546
184   36.9654   11.1580
188   36.8319   11.5593
192   36.3615   11.2891
196   39.3700   11.7551
200   38.6375   11.7311
204   40.0107   11.4616
208   40.1554   11.4805
212   