  4  613.5911   10.9578
  8  171.8085   10.2911
 12   89.0681    9.8854
 16   60.3809   10.9653
 20   47.0317   10.1566
 24   39.6074   10.5722
 28   35.4957   10.6677
 32   31.8441   10.6049
 36   30.1970   10.8292
 40   30.0463   11.3088
 44   27.9643   10.4092
 48   28.4381   10.3499
 52   27.0960   10.0821
 56   27.4074   10.5122
 60   26.7984   10.4980
 64   26.7051   11.0048
 68   26.9836   10.3883
 72   26.7079   10.7840
 76   25.9783   10.8253
 80   27.1597   11.0794
 84   26.9372   10.3960
 88   27.2137   10.8017
 92   27.5338   10.7014
 96   27.9820   10.8286
100   28.5730   10.5593
104   28.2384   11.1616
108         0         0
112   29.9369    9.9965
116   28.3788   10.8471
120   30.0882   10.8204
124   30.2030   11.0614
128   30.0098   10.7048
132   31.6698   10.4944
136   31.1263   10.8174
140   31.2683   11.3270
144   31.4919   10.7215
148   32.2462   11.1097
152   32.4136   11.0903
156   33.9926   11.0760
160   33.6820   10.7701
164   33.3970   11.1999
168   35.3229   10.9899
172   35.9320   10.8414
176   35.6493   10.8793
180   36.5424   12.0402
184   37.4797   10.5652
188   38.5514   11.1629
192   37.9725   11.4786
196   40.1072   10.9188
200   40.1155   10.7602
204   40.3340   11.6004
208   39.6197   11.4766
212   42.2245   11.6505

使用從307~1759(含)共212個質數
